0,0,1,2,101,111,118,121,124,129,130,135,140,141,205,206,209,210,211,
1,
2,3,83,
3,4,
4,5,
5,6,33,
6,7,24,
7,8,13,
8,9,12,
9,10,11,
10,
11,
12,
13,14,23,
14,15,20,
15,16,17,
16,
17,18,19,
18,
19,
20,21,22,
21,
22,
23,
24,25,26,
25,
26,27,30,
27,28,29,
28,
29,
30,31,32,
31,
32,
33,34,80,
34,35,52,53,
35,36,45,
36,37,44,
37,38,43,
38,39,40,
39,
40,41,42,
41,
42,
43,
44,
45,46,49,
46,47,48,
47,
48,
49,50,51,
50,
51,
52,
53,54,61,
54,55,56,
55,
56,57,60,
57,58,59,
58,
59,
60,
61,62,63,
62,
63,64,71,
64,65,70,
65,66,69,
66,67,68,
67,
68,
69,
70,
71,72,79,
72,73,76,
73,74,75,
74,
75,
76,77,78,
77,
78,
79,
80,81,82,
81,
82,
83,84,
84,85,94,
85,86,87,
86,
87,88,89,
88,
89,90,93,
90,91,92,
91,
92,
93,
94,95,
95,96,97,
96,
97,98,
98,99,100,
99,
100,
101,102,
102,103,110,
103,104,107,
104,105,106,
105,
106,
107,108,109,
108,
109,
110,
111,112,117,
112,113,114,
113,
114,115,116,
115,
116,
117,
118,119,120,
119,
120,
121,122,123,
122,
123,
124,125,126,
125,
126,127,128,
127,
128,
129,
130,131,132,
131,
132,133,134,
133,
134,
135,136,137,
136,
137,138,139,
138,
139,
140,
141,142,
142,143,
143,144,
144,145,
145,146,200,
146,147,
147,148,199,
148,149,194,
149,150,181,
150,151,178,
151,152,177,
152,153,166,
153,154,155,
154,
155,156,161,
156,157,158,
157,
158,159,160,
159,
160,
161,162,165,
162,163,164,
163,
164,
165,
166,167,170,
167,168,169,
168,
169,
170,171,176,
171,172,175,
172,173,174,
173,
174,
175,
176,
177,
178,179,180,
179,
180,
181,182,193,
182,183,192,
183,184,191,
184,185,188,
185,186,187,
186,
187,
188,189,190,
189,
190,
191,
192,
193,
194,195,196,
195,
196,197,198,
197,
198,
199,
200,201,202,
201,
202,203,204,
203,
204,
205,
206,207,208,
207,
208,
209,
210,
211,










































































