0 0 0 1.54922 0
1 -0.221216 -1.54922 1.04051 -0.000339336
2 -5.5272 -0.789239 3.14159e+09 0
3 -3e+20 -3.14159e+09 4.5e+20 0.000169247
4 -1.5e+20 -1.5e+20 3e+20 0.000169247
5 -1.5e+20 -1.5e+20 4.5e+20 0.000169247
6 -3.14159e+09 -3e+20 3.14159e+09 0
7 -0.00121714 -6.49941e+08 0.0322071 -5.02821e-06
8 -0.00534705 -0.00095621 0.0074351 0
9 -0.925771 -9.02107e+09 1.41869 -5.02821e-06
10 -0.462886 -0.462886 0.955805 -5.02821e-06
11 -0.462886 -0.462886 0.955805 -5.02821e-06
12 -0.462886 -0.462886 0.955805 -5.02821e-06
13 -0.462886 -0.462886 0.955805 -5.02821e-06
14 -0.462886 -0.462886 1.41869 -5.02821e-06
15 -0.0944684 -0.925771 0.0944684 0
16 -0.01824 -1.26625e+09 0.0665138 -5.02821e-06
17 -0.0132601 -0.01824 0.0132601 0
18 -0.622102 -0.36475 1.27444 0.00173434
19 -0.36475 -0.622102 0.403656 0
20 -0.000795286 -0.00208806 0.0316175 -5.02821e-06
21 -0.00207006 -0.000788432 0.00207006 0
22 -0.110596 -0.0389066 0.251432 0.00173434
23 -0.0389066 -0.110596 0.0680866 0
24 -0.0622102 -0.02918 0.0949487 3.38494e-06
25 -0.0311051 -0.0311051 0.0638436 3.38494e-06
26 -0.0311051 -0.0311051 0.0638436 3.38494e-06
27 -0.0311051 -0.0311051 0.0638436 3.38494e-06
28 -0.0311051 -0.0311051 0.0949487 3.38494e-06
29 -0.02918 -0.0622102 0.357455 0
30 -18.6631 -0.328275 37.3762 0.00507742
31 -0.328275 -18.6631 0.357455 0
32 -0.0622102 -0.02918 0.0949487 3.38494e-06
33 -0.0311051 -0.0311051 0.0638436 3.38494e-06
34 -0.0311051 -0.0311051 0.0638436 3.38494e-06
35 -0.0311051 -0.0311051 0.0638436 3.38494e-06
36 -0.0311051 -0.0311051 0.0949487 3.38494e-06
37 -0.02918 -0.0622102 0.357455 0
38 -18.6631 -0.328275 37.3762 0.00507742
39 -0.328275 -18.6631 0.357455 0
40 -0.0622102 -0.02918 0.0949487 3.38494e-06
41 -0.0311051 -0.0311051 0.0638436 3.38494e-06
42 -0.0311051 -0.0311051 0.0638436 3.38494e-06
43 -0.0311051 -0.0311051 0.0638436 3.38494e-06
44 -0.0311051 -0.0311051 0.0949487 3.38494e-06
45 -0.02918 -0.0622102 0.357455 0
46 -18.6631 -0.328275 37.3762 0.00507742
47 -0.328275 -18.6631 0.357455 0
48 -0.0622102 -0.02918 0.0949487 3.38494e-06
49 -0.0311051 -0.0311051 0.0638436 3.38494e-06
50 -0.0311051 -0.0311051 0.0638436 3.38494e-06
51 -0.0311051 -0.0311051 0.0638436 3.38494e-06
52 -0.0311051 -0.0311051 0.0949487 3.38494e-06
53 -0.02918 -0.0622102 0.357455 0
54 -18.6631 -0.328275 37.3762 0.00507742
55 -0.328275 -18.6631 0.357455 0
56 -0.0622102 -0.02918 0.0949487 3.38494e-06
57 -0.0311051 -0.0311051 0.0638436 3.38494e-06
58 -0.0311051 -0.0311051 0.0638436 3.38494e-06
59 -0.0311051 -0.0311051 0.0638436 3.38494e-06
60 -0.0311051 -0.0311051 0.0949487 3.38494e-06
61 -0.02918 -0.0622102 0.357455 0
62 -18.6631 -0.328275 37.3762 0.00507742
63 -0.328275 -18.6631 0.328275 0
